0,0,0,0,0,0,475,-980,308				 
0,0,0,0,0,0,466,-976,303				 
0,0,0,0,0,0,480,-971,313				 
0,0,0,0,0,0,483,-987,303				 
0,0,0,0,0,0,475,-996,301				 
0,0,0,0,0,0,480,-985,298				 
0,0,0,0,0,0,491,-982,296				 
0,0,0,0,0,0,472,-976,313				 
0,0,0,0,0,0,486,-971,308				 
0,0,0,0,0,0,500,-968,301				 
0,0,0,0,0,0,483,-985,306				 
0,0,0,0,0,0,480,-976,308				 
0,0,0,0,0,0,468,-987,306				 
0,0,0,0,0,0,452,-976,287				 
0,0,0,0,0,0,486,-971,311				 
0,0,0,0,0,0,468,-973,303				 
0,0,0,0,0,0,472,-990,306				 
0,0,0,0,0,0,466,-985,320				 
0,0,0,0,0,0,472,-998,327				 
0,0,0,0,0,0,472,-982,306				 
0,0,0,0,0,0,457,-987,320				 
0,0,0,0,0,0,475,-980,320				 
0,0,0,0,0,0,452,-966,303				 
0,0,0,0,0,0,475,-990,290				 
0,0,0,0,0,0,457,-976,301				 
0,0,0,0,0,0,477,-982,303				 
0,0,0,0,0,0,477,-973,287				 
0,0,0,0,0,0,468,-980,293				 
0,0,0,0,0,0,488,-973,303				 
0,0,0,0,0,0,472,-973,306				 
0,0,0,0,0,0,466,-976,311				 
0,0,0,0,0,0,480,-985,306				 
0,0,0,0,0,0,468,-966,308				 
0,0,0,0,0,0,455,-985,313				 
0,0,0,0,0,0,468,-987,308				 
0,0,0,0,0,0,466,-982,313				 
0,0,0,0,0,0,472,-980,303				 
0,0,0,0,0,0,468,-968,313				 
0,0,0,0,0,0,495,-976,301				 
0,0,0,0,0,0,477,-982,320				 
0,0,0,0,0,0,480,-976,311				 
0,0,0,0,0,0,477,-985,311				 
0,0,0,0,0,0,483,-968,306				 
0,0,0,0,0,0,477,-980,306				 
0,0,0,0,0,0,486,-973,306				 
0,0,0,0,0,0,463,-971,317				 
0,0,0,0,0,0,472,-982,290				 
0,0,0,0,0,0,466,-968,306				 
0,0,0,0,0,0,477,-990,308				 
0,0,0,0,0,0,461,-990,303				 
0,0,0,0,0,0,457,-966,298				 
0,0,0,0,0,0,463,-987,301				 
0,0,0,0,0,0,468,-1006,308				 
0,0,0,0,0,0,472,-1001,308				 
0,0,0,0,0,0,463,-966,308				 
0,0,0,0,0,0,466,-973,311				 
0,0,0,0,0,0,461,-980,313				 
0,0,0,0,0,0,500,-992,306				 
0,0,0,0,0,0,468,-982,298				 
0,0,0,0,0,0,472,-987,313				 
0,0,0,0,0,0,472,-976,322				 
0,0,0,0,0,0,477,-980,313				 
0,0,0,0,0,0,491,-966,303				 
0,0,0,0,0,0,468,-971,301				 
0,0,0,0,0,0,468,-982,298				 
0,0,0,0,0,0,455,-996,306				 
0,0,0,0,0,0,475,-980,306				 
0,0,0,0,0,0,491,-987,311				 
0,0,0,0,0,0,466,-992,303				 
0,0,0,0,0,0,491,-963,317				 
0,0,0,0,0,0,461,-980,311				 
0,0,0,0,0,0,495,-985,311				 
0,0,0,0,0,0,466,-980,322				 
0,0,0,0,0,0,480,-982,311				 
0,0,0,0,0,0,475,-980,306				 
0,0,0,0,0,0,477,-980,308				 
0,0,0,0,0,0,466,-976,311				 
0,0,0,0,0,0,468,-982,298				 
0,0,0,0,0,0,468,-987,301				 
0,0,0,0,0,0,468,-980,306				 
0,0,0,0,0,0,472,-973,298				 
0,0,0,0,0,0,477,-976,313				 
0,0,0,0,0,0,472,-985,303				 
0,0,0,0,0,0,472,-971,303				 
0,0,0,0,0,0,463,-980,306				 
0,0,0,0,0,0,468,-982,317				 
0,0,0,0,0,0,468,-985,298				 
0,0,0,0,0,0,475,-985,301				 
0,0,0,0,0,0,461,-987,303				 
0,0,0,0,0,0,483,-971,303				 
0,0,0,0,0,0,463,-971,285				 
0,0,0,0,0,0,463,-985,298				 
0,0,0,0,0,0,475,-992,308				 
0,0,0,0,0,0,477,-976,317				 
0,0,0,0,0,0,461,-973,308				 
0,0,0,0,0,0,463,-990,311				 
0,0,0,0,0,0,486,-982,320				 
0,0,0,0,0,0,468,-980,330				 
0,0,0,0,0,0,468,-980,317				 
0,0,0,0,0,0,502,-987,306				 
0,0,0,0,0,0,450,-982,317				 
0,0,0,0,0,0,463,-976,317				 
0,0,0,0,0,0,477,-976,301				 
0,0,0,0,0,0,468,-992,325				 
0,0,0,0,0,0,455,-973,306				 
0,0,0,0,0,0,461,-985,311				 
0,0,0,0,0,0,461,-982,313				 
0,0,0,0,0,0,461,-976,296				 
0,0,0,0,0,0,461,-973,306				 
0,0,0,0,0,0,491,-992,298				 
0,0,0,0,0,0,468,-985,308				 
0,0,0,0,0,0,495,-973,293				 
0,0,0,0,0,0,455,-992,332				 
0,0,0,0,0,0,483,-985,301				 
0,0,0,0,0,0,480,-971,311				 
0,0,0,0,0,0,472,-985,290				 
0,0,0,0,0,0,446,-998,327				 
0,0,0,0,0,0,463,-976,317				 
0,0,0,0,0,0,463,-973,317				 
0,0,0,0,0,0,477,-980,320				 
0,0,0,0,0,0,475,-985,306				 
0,0,0,0,0,0,466,-985,293				 
0,0,0,0,0,0,461,-976,311				 
0,0,0,0,0,0,466,-973,308				 
0,0,0,0,0,0,466,-968,322				 
0,0,0,0,0,0,468,-966,311				 
0,0,0,0,0,0,461,-973,306				 
0,0,0,0,0,0,468,-985,311				 
0,0,0,0,0,0,477,-980,311				 
0,0,0,0,0,0,472,-982,301				 
0,0,0,0,0,0,475,-982,303				 
0,0,0,0,0,0,472,-980,301				 
0,0,0,0,0,0,483,-985,308				 
0,0,0,0,0,0,457,-985,308				 
0,0,0,0,0,0,466,-987,311				 
0,0,0,0,0,0,477,-996,311				 
0,0,0,0,0,0,475,-992,322				 
0,0,0,0,0,0,488,-985,306				 
0,0,0,0,0,0,446,-968,322				 
0,0,0,0,0,0,475,-987,322				 
0,0,0,0,0,0,495,-980,313				 
0,0,0,0,0,0,477,-973,311				 
0,0,0,0,0,0,461,-982,306				 
0,0,0,0,0,0,491,-987,320				 
0,0,0,0,0,0,463,-973,301				 
0,0,0,0,0,0,480,-973,317				 
0,0,0,0,0,0,452,-968,303				 
0,0,0,0,0,0,457,-992,306				 
0,0,0,0,0,0,446,-990,308				 
0,0,0,0,0,0,457,-980,308				 
0,0,0,0,0,0,472,-1001,320				 
0,0,0,0,0,0,472,-966,317				 
0,0,0,0,0,0,457,-985,320				 
0,0,0,0,0,0,461,-985,317				 
0,0,0,0,0,0,466,-987,311				 
0,0,0,0,0,0,450,-982,303				 
0,0,0,0,0,0,468,-976,306				 
0,0,0,0,0,0,452,-985,311				 
0,0,0,0,0,0,468,-973,306				 
0,0,0,0,0,0,468,-987,313				 
0,0,0,0,0,0,486,-987,290				 
0,0,0,0,0,0,461,-976,317				 
0,0,0,0,0,0,463,-987,317				 
0,0,0,0,0,0,461,-960,311				 
0,0,0,0,0,0,480,-960,306				 
0,0,0,0,0,0,463,-980,303				 
0,0,0,0,0,0,405,-982,306				 
0,0,0,0,0,0,610,-982,123				 
0,0,0,0,0,0,533,-1006,31				 
0,0,0,0,0,0,603,-982,83				 
0,0,0,0,0,0,663,-982,137				 
0,0,0,0,0,0,866,-878,-43				 
0,0,0,0,0,0,823,-851,-123				 
0,0,0,0,0,0,790,-871,-256				 
0,0,0,0,0,0,657,-922,-221				 
0,0,0,0,0,0,528,-1015,-203				 
0,0,0,0,0,0,477,-1042,-97				 
0,0,0,0,0,0,457,-1047,-128				 
0,0,0,0,0,0,500,-1022,-216				 
0,0,0,0,0,0,540,-1012,-213				 
0,0,0,0,0,0,598,-998,-195				 
0,0,0,0,0,0,682,-960,-216				 
0,0,0,0,0,0,857,-897,-166				 
0,0,0,0,0,0,1040,-723,-123				 
0,0,0,0,0,0,1175,-547,-171				 
0,0,0,0,0,0,1200,-466,-195				 
0,0,0,0,0,0,1217,-461,-223				 
0,0,0,0,0,0,1220,-452,-227				 
0,0,0,0,0,0,1183,-477,-232				 
0,0,0,0,0,0,1186,-526,-218				 
0,0,0,0,0,0,986,-795,-200				 
0,0,0,0,0,0,567,-1028,-232				 
0,0,0,0,0,0,-30,-950,-425				 
0,0,0,0,0,0,-238,-868,-391				 
0,0,0,0,0,0,-281,-841,-386				 
0,0,0,0,0,0,-272,-846,-391				 
0,0,0,0,0,0,-263,-878,-398				 
0,0,0,0,0,0,-292,-857,-356				 
0,0,0,0,0,0,-255,-860,-343				 
0,0,0,0,0,0,-272,-868,-341				 
0,0,0,0,0,0,-286,-878,-365				 
0,0,0,0,0,0,-108,-906,-443				 
0,0,0,0,0,0,540,-950,-417				 
0,0,0,0,0,0,668,-998,-178				 
0,0,0,0,0,0,722,-960,-140				 
0,0,0,0,0,0,736,-971,-166				 
0,0,0,0,0,0,756,-950,-171				 
0,0,0,0,0,0,745,-952,-131				 
0,0,0,0,0,0,747,-930,-126				 
0,0,0,0,0,0,812,-930,76				 
0,0,0,0,0,0,812,-705,578				 
0,0,0,0,0,0,727,-406,830				 
0,0,0,0,0,0,666,-268,898				 
0,0,0,0,0,0,657,-225,943				 
0,0,0,0,0,0,626,-232,905				 
0,0,0,0,0,0,675,-257,907				 
0,0,0,0,0,0,795,-433,791				 
0,0,0,0,0,0,938,-677,470				 
0,0,0,0,0,0,801,-922,-137				 
0,0,0,0,0,0,551,-1031,-171				 
0,0,0,0,0,0,621,-1012,-118				 
0,0,0,0,0,0,601,-1017,-176				 
0,0,0,0,0,0,585,-1003,-178				 
0,0,0,0,0,0,702,-955,-107				 
0,0,0,0,0,0,1085,-632,-100				 
0,0,0,0,0,0,1188,-422,-150				 
0,0,0,0,0,0,1220,-368,-187				 
0,0,0,0,0,0,1211,-366,-145				 
0,0,0,0,0,0,1197,-385,-137				 
0,0,0,0,0,0,1183,-436,-116				 
0,0,0,0,0,0,1098,-618,-123				 
0,0,0,0,0,0,795,-927,-166				 
0,0,0,0,0,0,311,-1080,-163				 
0,0,0,0,0,0,270,-1082,-173				 
0,0,0,0,0,0,266,-1080,-176				 
0,0,0,0,0,0,270,-1087,-147				 
0,0,0,0,0,0,360,-1082,-171				 
0,0,0,0,0,0,393,-1075,-195				 
0,0,0,0,0,0,461,-1020,-353				 
0,0,0,0,0,0,430,-1015,-427				 
0,0,0,0,0,0,525,-1042,-230				 
0,0,0,0,0,0,570,-1071,-137				 
0,0,0,0,0,0,525,-1063,-137				 
0,0,0,0,0,0,511,-1061,-133				 
0,0,0,0,0,0,475,-1071,-137				 
0,0,0,0,0,0,435,-1077,-168				 
0,0,0,0,0,0,317,-1087,-235				 
0,0,0,0,0,0,488,-938,-497				 
0,0,0,0,0,0,691,-876,-448				 
0,0,0,0,0,0,756,-936,-327				 
0,0,0,0,0,0,855,-957,-142				 
0,0,0,0,0,0,812,-980,0				 
0,0,0,0,0,0,787,-976,65				 
0,0,0,0,0,0,761,-996,95				 
0,0,0,0,0,0,810,-976,100				 
0,0,0,0,0,0,783,-992,52				 
0,0,0,0,0,0,792,-987,81				 
0,0,0,0,0,0,798,-985,86				 
0,0,0,0,0,0,798,-973,68				 
0,0,0,0,0,0,826,-971,121				 
0,0,0,0,0,0,812,-960,155				 
0,0,0,0,0,0,812,-957,126				 
0,0,0,0,0,0,832,-936,128				 
0,0,0,0,0,0,1192,-580,-102				 
0,0,0,0,0,0,1265,-18,-417				 
0,0,0,0,0,0,1231,143,-502				 
0,0,0,0,0,0,1245,113,-493				 
0,0,0,0,0,0,1240,127,-497				 
0,0,0,0,0,0,1253,100,-497				 
0,0,0,0,0,0,1245,97,-497				 
0,0,0,0,0,0,1226,61,-526				 
0,0,0,0,0,0,1183,-287,-515				 
0,0,0,0,0,0,1152,-582,-287				 
0,0,0,0,0,0,1127,-591,-268				 
0,0,0,0,0,0,1138,-642,-223				 
0,0,0,0,0,0,1155,-642,-240				 
0,0,0,0,0,0,1163,-645,-223				 
0,0,0,0,0,0,1132,-686,-223				 
0,0,0,0,0,0,978,-841,-218				 
0,0,0,0,0,0,812,-922,-272				 
0,0,0,0,0,0,765,-941,-293				 
0,0,0,0,0,0,772,-946,-303				 
0,0,0,0,0,0,770,-941,-301				 
0,0,0,0,0,0,713,-952,-327				 
0,0,0,0,0,0,401,-1022,-322				 
0,0,0,0,0,0,135,-1033,-266				 
0,0,0,0,0,0,78,-1022,-253				 
0,0,0,0,0,0,97,-1017,-266				 
0,0,0,0,0,0,218,-1025,-332				 
0,0,0,0,0,0,438,-952,-436				 
0,0,0,0,0,0,553,-920,-472				 
0,0,0,0,0,0,727,-841,-510				 
0,0,0,0,0,0,963,-700,-467				 
0,0,0,0,0,0,1046,-700,-351				 
0,0,0,0,0,0,970,-770,-375				 
0,0,0,0,0,0,857,-795,-443				 
0,0,0,0,0,0,573,-890,-547				 
0,0,0,0,0,0,165,-952,-542				 
0,0,0,0,0,0,56,-973,-415				 
0,0,0,0,0,0,-33,-1055,-137				 
0,0,0,0,0,0,131,-1050,168				 
0,0,0,0,0,0,131,-1045,168				 
0,0,0,0,0,0,238,-1077,208				 
0,0,0,0,0,0,247,-1077,190				 
0,0,0,0,0,0,345,-1071,203				 
0,0,0,0,0,0,311,-1087,190				 
0,0,0,0,0,0,247,-1085,142				 
0,0,0,0,0,0,135,-1066,33				 
0,0,0,0,0,0,117,-1071,-142				 
0,0,0,0,0,0,241,-1031,-303				 
0,0,0,0,0,0,371,-952,-505				 
0,0,0,0,0,0,491,-878,-587				 
0,0,0,0,0,0,542,-862,-592				 
0,0,0,0,0,0,632,-818,-618				 
0,0,0,0,0,0,671,-760,-647				 
0,0,0,0,0,0,727,-665,-708				 
0,0,0,0,0,0,812,-545,-742				 
0,0,0,0,0,0,812,-533,-772				 
0,0,0,0,0,0,446,-691,-782				 
0,0,0,0,0,0,266,-783,-725				 
0,0,0,0,0,0,106,-998,-358				 
0,0,0,0,0,0,61,-1028,-195				 
0,0,0,0,0,0,16,-1022,-83				 
0,0,0,0,0,0,-11,-980,-317				 
0,0,0,0,0,0,7,-998,-327				 
0,0,0,0,0,0,33,-1017,-317				 
0,0,0,0,0,0,140,-1022,-203				 
0,0,0,0,0,0,117,-1075,-52				 
0,0,0,0,0,0,103,-1093,95				 
0,0,0,0,0,0,191,-950,555				 
0,0,0,0,0,0,455,-697,806				 
0,0,0,0,0,0,565,-653,820				 
0,0,0,0,0,0,443,-786,740				 
0,0,0,0,0,0,221,-1031,365				 
0,0,0,0,0,0,340,-1068,-150				 
0,0,0,0,0,0,578,-963,-343				 
0,0,0,0,0,0,702,-933,-358				 
0,0,0,0,0,0,747,-913,-351				 
0,0,0,0,0,0,675,-946,-343				 
0,0,0,0,0,0,151,-1061,-107				 
0,0,0,0,0,0,207,-1047,301				 
0,0,0,0,0,0,322,-1025,386				 
0,0,0,0,0,0,385,-1001,407				 
0,0,0,0,0,0,376,-1017,388				 
0,0,0,0,0,0,360,-1001,377				 
0,0,0,0,0,0,382,-1008,358				 
0,0,0,0,0,0,348,-1012,393				 
0,0,0,0,0,0,353,-996,427				 
0,0,0,0,0,0,393,-952,505				 
0,0,0,0,0,0,511,-957,497				 
0,0,0,0,0,0,660,-946,407				 
0,0,0,0,0,0,745,-941,320				 
0,0,0,0,0,0,767,-922,298				 
0,0,0,0,0,0,612,-987,303				 
0,0,0,0,0,0,412,-1091,168				 
0,0,0,0,0,0,221,-1085,17				 
0,0,0,0,0,0,185,-1038,-285				 
0,0,0,0,0,0,463,-908,-533				 
0,0,0,0,0,0,705,-813,-521				 
0,0,0,0,0,0,896,-723,-497				 
0,0,0,0,0,0,1006,-640,-462				 
0,0,0,0,0,0,1051,-550,-507				 
0,0,0,0,0,0,1031,-452,-621				 
0,0,0,0,0,0,961,-403,-751				 
0,0,0,0,0,0,592,-591,-803				 
0,0,0,0,0,0,315,-873,-583				 
0,0,0,0,0,0,401,-1052,-173				 
0,0,0,0,0,0,513,-1063,-2				 
0,0,0,0,0,0,263,-990,-436				 
0,0,0,0,0,0,558,-675,-753				 
0,0,0,0,0,0,821,-577,-740				 
0,0,0,0,0,0,913,-480,-708				 
0,0,0,0,0,0,891,-510,-727				 
0,0,0,0,0,0,891,-482,-706				 
0,0,0,0,0,0,798,-550,-740				 
0,0,0,0,0,0,342,-838,-618				 
0,0,0,0,0,0,275,-1085,-126				 
0,0,0,0,0,0,333,-1098,-12				 
0,0,0,0,0,0,331,-1093,-50				 
0,0,0,0,0,0,297,-1096,-62				 
0,0,0,0,0,0,261,-1085,-92				 
0,0,0,0,0,0,241,-1075,-163				 
0,0,0,0,0,0,236,-1012,-375				 
0,0,0,0,0,0,531,-822,-632				 
0,0,0,0,0,0,682,-748,-621				 
0,0,0,0,0,0,778,-737,-607				 
0,0,0,0,0,0,781,-746,-595				 
0,0,0,0,0,0,736,-751,-587				 
0,0,0,0,0,0,738,-760,-607				 
0,0,0,0,0,0,778,-778,-542				 
0,0,0,0,0,0,817,-802,-457				 
0,0,0,0,0,0,893,-790,-415				 
0,0,0,0,0,0,880,-797,-372				 
0,0,0,0,0,0,900,-797,-380				 
0,0,0,0,0,0,885,-800,-362				 
0,0,0,0,0,0,871,-806,-377				 
0,0,0,0,0,0,885,-818,-353				 
0,0,0,0,0,0,907,-822,-365				 
0,0,0,0,0,0,905,-822,-338				 
0,0,0,0,0,0,868,-843,-325				 
0,0,0,0,0,0,873,-846,-325				 
0,0,0,0,0,0,810,-835,-401				 
0,0,0,0,0,0,772,-830,-457				 
0,0,0,0,0,0,677,-846,-517				 
0,0,0,0,0,0,522,-865,-560				 
0,0,0,0,0,0,427,-895,-578				 
0,0,0,0,0,0,398,-868,-542				 
0,0,0,0,0,0,396,-885,-568				 
0,0,0,0,0,0,382,-922,-550				 
0,0,0,0,0,0,378,-901,-571				 
0,0,0,0,0,0,412,-887,-555				 
0,0,0,0,0,0,517,-892,-550				 
0,0,0,0,0,0,528,-887,-536				 
0,0,0,0,0,0,587,-868,-533				 
0,0,0,0,0,0,655,-871,-507				 
0,0,0,0,0,0,720,-862,-470				 
0,0,0,0,0,0,753,-862,-438				 
0,0,0,0,0,0,770,-848,-427				 
0,0,0,0,0,0,756,-851,-398				 
0,0,0,0,0,0,792,-851,-393				 
0,0,0,0,0,0,795,-848,-380				 
0,0,0,0,0,0,778,-857,-380				 
0,0,0,0,0,0,801,-848,-377				 
0,0,0,0,0,0,792,-841,-362				 
0,0,0,0,0,0,770,-868,-372				 
0,0,0,0,0,0,798,-862,-348				 
0,0,0,0,0,0,815,-851,-358				 
0,0,0,0,0,0,828,-876,-346				 
0,0,0,0,0,0,815,-865,-353				 
0,0,0,0,0,0,837,-860,-365				 
0,0,0,0,0,0,803,-857,-351				 
0,0,0,0,0,0,832,-851,-367				 
0,0,0,0,0,0,817,-868,-356				 
0,0,0,0,0,0,798,-862,-356				 
0,0,0,0,0,0,806,-868,-380				 
0,0,0,0,0,0,713,-892,-431				 
0,0,0,0,0,0,621,-906,-467				 
0,0,0,0,0,0,621,-890,-505				 
0,0,0,0,0,0,652,-876,-505				 
0,0,0,0,0,0,691,-860,-478				 
0,0,0,0,0,0,742,-851,-476				 
0,0,0,0,0,0,756,-848,-470				 
0,0,0,0,0,0,990,-711,-425				 